(kicad_pcb (version 20170123) (host pcbnew no-vcs-found-28a6ca1~58~ubuntu16.04.1)

  (general
    (links 545)
    (no_connects 332)
    (area 24.874999 -89.827381 332.760446 220.722968)
    (thickness 1.6)
    (drawings 0)
    (tracks 688)
    (zones 0)
    (modules 241)
    (nets 217)
  )

  (page A4)
  (layers
    (0 F.Cu signal)
    (31 B.Cu signal)
    (32 B.Adhes user)
    (33 F.Adhes user)
    (34 B.Paste user)
    (35 F.Paste user)
    (36 B.SilkS user)
    (37 F.SilkS user)
    (38 B.Mask user)
    (39 F.Mask user)
    (40 Dwgs.User user)
    (41 Cmts.User user)
    (42 Eco1.User user)
    (43 Eco2.User user)
    (44 Edge.Cuts user)
    (45 Margin user)
    (46 B.CrtYd user)
    (47 F.CrtYd user)
    (48 B.Fab user hide)
    (49 F.Fab user hide)
  )

  (setup
    (last_trace_width 0.8)
    (user_trace_width 0.2)
    (user_trace_width 0.4)
    (user_trace_width 0.6)
    (user_trace_width 0.8)
    (user_trace_width 1)
    (user_trace_width 2)
    (trace_clearance 0.2)
    (zone_clearance 0.508)
    (zone_45_only no)
    (trace_min 0.2)
    (segment_width 0.2)
    (edge_width 0.15)
    (via_size 1.6)
    (via_drill 0.6)
    (via_min_size 0.4)
    (via_min_drill 0.3)
    (user_via 1.6 0.6)
    (uvia_size 0.3)
    (uvia_drill 0.1)
    (uvias_allowed no)
    (uvia_min_size 0.2)
    (uvia_min_drill 0.1)
    (pcb_text_width 0.3)
    (pcb_text_size 1.5 1.5)
    (mod_edge_width 0.15)
    (mod_text_size 1 1)
    (mod_text_width 0.15)
    (pad_size 1.524 1.524)
    (pad_drill 0.762)
    (pad_to_mask_clearance 0.2)
    (aux_axis_origin 0 0)
    (visible_elements FFFFEF7F)
    (pcbplotparams
      (layerselection 0x01000_ffffffff)
      (usegerberextensions false)
      (excludeedgelayer true)
      (linewidth 0.100000)
      (plotframeref false)
      (viasonmask false)
      (mode 1)
      (useauxorigin false)
      (hpglpennumber 1)
      (hpglpenspeed 20)
      (hpglpendiameter 15)
      (psnegative false)
      (psa4output false)
      (plotreference false)
      (plotvalue false)
      (plotinvisibletext false)
      (padsonsilk false)
      (subtractmaskfromsilk false)
      (outputformat 1)
      (mirror false)
      (drillshape 0)
      (scaleselection 1)
      (outputdirectory ./gerbers))
  )

  (net 0 "")
  (net 1 "Net-(SH1-Pad1)")
  (net 2 /~RE)
  (net 3 "Net-(SH1-Pad3)")
  (net 4 /STEERING_FAULT)
  (net 5 /STEERING_DIR)
  (net 6 /STEERING_STEP)
  (net 7 /STEERING_ENABLE)
  (net 8 /LINEAR_ACTUATOR_DIRECTION)
  (net 9 /LINEAR_ACTUATOR_ENABLE)
  (net 10 /SPI_LATCH)
  (net 11 /SPI_DATA)
  (net 12 "Net-(SH1-Pad12)")
  (net 13 /SPI_CLK)
  (net 14 "Net-(C40-Pad1)")
  (net 15 "Net-(R18-Pad2)")
  (net 16 VCC)
  (net 17 "Net-(U7-Pad2)")
  (net 18 "Net-(R19-Pad2)")
  (net 19 "Net-(R16-Pad1)")
  (net 20 "Net-(C40-Pad2)")
  (net 21 "Net-(R17-Pad2)")
  (net 22 "Net-(R12-Pad1)")
  (net 23 /Takeover/GAZ_POT_GND_OUT)
  (net 24 "Net-(C12-Pad2)")
  (net 25 /Takeover/GAZ_POT_GND_HACK)
  (net 26 /Takeover/GAZ_POT_GND_REAL)
  (net 27 /Takeover/GAZ_SW_NC_REAL)
  (net 28 /Takeover/GAZ_SW_NC_HACK)
  (net 29 "Net-(C9-Pad2)")
  (net 30 /Takeover/GAZ_SW_NC_OUT)
  (net 31 /Takeover/MIRGALKE_OUT)
  (net 32 "Net-(C32-Pad2)")
  (net 33 /ControlHacks/MIRGALKE_HACK)
  (net 34 /Takeover/MIRGALKE_REAL)
  (net 35 /Takeover/LIGHTS_REAL)
  (net 36 /ControlHacks/LIGHTS_HACK)
  (net 37 "Net-(C17-Pad2)")
  (net 38 /Takeover/LIGHTS_OUT)
  (net 39 /Takeover/KEY_COLD_OUT)
  (net 40 "Net-(C6-Pad2)")
  (net 41 /ControlHacks/KEY_COLD_HACK)
  (net 42 /Takeover/KEY_COLD_REAL)
  (net 43 /Takeover/KEY_HOT_REAL)
  (net 44 /ControlHacks/KEY_HOT_HACK)
  (net 45 "Net-(C5-Pad2)")
  (net 46 /Takeover/KEY_HOT_OUT)
  (net 47 /Takeover/PARKING_OUT)
  (net 48 "Net-(C4-Pad2)")
  (net 49 /ControlHacks/PARKING_HACK)
  (net 50 /Takeover/PARKING_REAL)
  (net 51 /Takeover/HORN_SW_REAL)
  (net 52 /ControlHacks/HORN_SW_HACK)
  (net 53 "Net-(C3-Pad2)")
  (net 54 /Takeover/HORN_SW_OUT)
  (net 55 /Takeover/DIR_SW_BACK_OUT)
  (net 56 "Net-(C2-Pad2)")
  (net 57 /ControlHacks/DIR_SW_BACK_HACK)
  (net 58 /Takeover/DIR_SW_BACK_REAL)
  (net 59 /Takeover/DIR_SW_FWD_REAL)
  (net 60 /ControlHacks/DIR_SW_FWD_HACK)
  (net 61 "Net-(C1-Pad2)")
  (net 62 /Takeover/DIR_SW_FWD_OUT)
  (net 63 /Takeover/GAZ_POT_V_OUT)
  (net 64 "Net-(C11-Pad2)")
  (net 65 /Takeover/GAZ_POT_V_HACK)
  (net 66 /Takeover/GAZ_POT_V_REAL)
  (net 67 "/Control Switching/~AUX_ENABLE_PWR")
  (net 68 "Net-(K26-Pad2)")
  (net 69 /ControlHacks/AUX_HACK)
  (net 70 /ControlHacks/AUX_COMMON)
  (net 71 /ControlHacks/LIGHTS_COMMON)
  (net 72 "Net-(K25-Pad2)")
  (net 73 "/Control Switching/~MIRGALKE_ENABLE_PWR")
  (net 74 "/Control Switching/~SEAT_ENABLE_PWR")
  (net 75 "Net-(K23-Pad2)")
  (net 76 /ControlHacks/SEAT_GND_HACK)
  (net 77 /ControlHacks/SEAT_HACK)
  (net 78 /ControlHacks/STEERING_COMMON)
  (net 79 "/Control Switching/~HORN_ENABLE_PWR")
  (net 80 "Net-(K20-Pad2)")
  (net 81 /Takeover/GAZ_POT_WIPER_REAL)
  (net 82 /Takeover/GAZ_POT_WIPER_HACK)
  (net 83 "Net-(C13-Pad2)")
  (net 84 /Takeover/GAZ_POT_WIPER_OUT)
  (net 85 /Takeover/SEAT_GND_OUT)
  (net 86 "Net-(C14-Pad2)")
  (net 87 /Takeover/SEAT_GND_REAL)
  (net 88 /Takeover/SEAT_REAL)
  (net 89 "Net-(C18-Pad2)")
  (net 90 /Takeover/SEAT_OUT)
  (net 91 /Takeover/AUX_OUT)
  (net 92 /Takeover/AUX_REAL)
  (net 93 "Net-(C19-Pad2)")
  (net 94 "/Control Switching/~GAZ_ENABLE_PWR")
  (net 95 /Takeover/GAZ_SW_NO_HACK)
  (net 96 /Takeover/GAZ_SW_COMMON)
  (net 97 "/Control Switching/~DIR_FWD_ENABLE_PWR")
  (net 98 "Net-(K18-Pad2)")
  (net 99 "Net-(K19-Pad2)")
  (net 100 "/Control Switching/~DIR_BACK_ENABLE_PWR")
  (net 101 /Takeover/GAZ_SW_NO_OUT)
  (net 102 "Net-(C10-Pad2)")
  (net 103 /Takeover/GAZ_SW_NO_REAL)
  (net 104 "Net-(K21-Pad2)")
  (net 105 "/Control Switching/~PARKING_DISABLE_PWR")
  (net 106 "Net-(K22-Pad2)")
  (net 107 "/Control Switching/~KEY_ENABLE_PWR")
  (net 108 "/Control Switching/~LIGHTS_ENABLE_PWR")
  (net 109 "Net-(K24-Pad2)")
  (net 110 "Net-(C34-Pad1)")
  (net 111 "Net-(F2-Pad1)")
  (net 112 "Net-(D52-Pad2)")
  (net 113 "Net-(D52-Pad1)")
  (net 114 GND)
  (net 115 "Net-(C42-Pad2)")
  (net 116 "Net-(Q7-Pad1)")
  (net 117 "Net-(C37-Pad1)")
  (net 118 +5V)
  (net 119 "Net-(Q6-Pad1)")
  (net 120 "Net-(Q3-Pad2)")
  (net 121 "Net-(Q6-Pad3)")
  (net 122 "Net-(Q5-Pad3)")
  (net 123 "Net-(Q5-Pad1)")
  (net 124 "Net-(Q3-Pad1)")
  (net 125 "Net-(Q3-Pad3)")
  (net 126 "Net-(Q4-Pad3)")
  (net 127 "Net-(Q4-Pad1)")
  (net 128 "Net-(Q2-Pad1)")
  (net 129 "Net-(Q2-Pad3)")
  (net 130 "/Control Switching/DIR_BACK_ENABLE")
  (net 131 "/Control Switching/DIR_FWD_ENABLE")
  (net 132 "/Control Switching/AUX_ENABLE")
  (net 133 "/Control Switching/MIRGALKE_ENABLE")
  (net 134 "/Control Switching/LIGHTS_ENABLE")
  (net 135 "/Control Switching/SEAT_ENABLE")
  (net 136 "/Control Switching/PARKING_DISABLE")
  (net 137 "/Control Switching/HORN_ENABLE")
  (net 138 "/Control Switching/GAZ_ENABLE")
  (net 139 "/Control Switching/GAZ_SPEED1")
  (net 140 "/Control Switching/GAZ_SPEED2")
  (net 141 "/Control Switching/GAZ_SPEED3")
  (net 142 "Net-(RN1-Pad5)")
  (net 143 "Net-(RN1-Pad4)")
  (net 144 "Net-(RN1-Pad3)")
  (net 145 "/Control Switching/KEY_ENABLE")
  (net 146 "Net-(R50-Pad1)")
  (net 147 "Net-(D44-Pad2)")
  (net 148 "Net-(R49-Pad1)")
  (net 149 "Net-(R48-Pad1)")
  (net 150 "/Control Switching/~GAZ_SPEED2_PWR")
  (net 151 "Net-(R47-Pad1)")
  (net 152 "Net-(R44-Pad1)")
  (net 153 "Net-(D45-Pad2)")
  (net 154 "Net-(R42-Pad1)")
  (net 155 "/Control Switching/~GAZ_SPEED3_PWR")
  (net 156 "Net-(D50-Pad2)")
  (net 157 "Net-(D49-Pad2)")
  (net 158 "Net-(D48-Pad2)")
  (net 159 "Net-(D47-Pad2)")
  (net 160 "Net-(D46-Pad2)")
  (net 161 "Net-(Q1-Pad1)")
  (net 162 "/Control Switching/SPI_LATCH")
  (net 163 "Net-(R25-Pad1)")
  (net 164 "Net-(D41-Pad2)")
  (net 165 "Net-(D40-Pad2)")
  (net 166 "Net-(D39-Pad2)")
  (net 167 "Net-(D38-Pad2)")
  (net 168 "Net-(D37-Pad2)")
  (net 169 "Net-(D36-Pad2)")
  (net 170 "Net-(D35-Pad2)")
  (net 171 "/Control Switching/SPI_CLK")
  (net 172 "Net-(R24-Pad1)")
  (net 173 "Net-(R23-Pad1)")
  (net 174 "/Control Switching/SPI_DATA")
  (net 175 "Net-(D33-Pad2)")
  (net 176 "Net-(D32-Pad1)")
  (net 177 "/Break H bridge/HBRIDGE_CURRENT_ANALOG")
  (net 178 "Net-(D42-Pad2)")
  (net 179 "/Break H bridge/LINEAR_ACTUATOR_ENABLE")
  (net 180 "Net-(R8-Pad1)")
  (net 181 "/Break H bridge/MAGNET_ENGAGE")
  (net 182 "Net-(D51-Pad2)")
  (net 183 "Net-(R52-Pad1)")
  (net 184 /RS485/~RE)
  (net 185 /RS485/RX)
  (net 186 "Net-(Q9-Pad1)")
  (net 187 "/Stepper Interface/STEERING_ENABLE")
  (net 188 "Net-(R43-Pad1)")
  (net 189 "/Stepper Interface/GECKO_DIR")
  (net 190 "/Stepper Interface/STEERING_DIR")
  (net 191 "/Stepper Interface/STEERING_STEP")
  (net 192 "/Stepper Interface/GECKO_STEP")
  (net 193 "/Stepper Interface/+5V")
  (net 194 "/Stepper Interface/GECKO_DISABLE")
  (net 195 "/Stepper Interface/STEERING_FAULT")
  (net 196 /Takeover/TAKEOVER)
  (net 197 "Net-(D43-Pad2)")
  (net 198 /RS485/TX)
  (net 199 "/Break H bridge/LINEAR_ACTUATOR_DIRECTION")
  (net 200 "Net-(D31-Pad2)")
  (net 201 "Net-(D30-Pad2)")
  (net 202 "Net-(R11-Pad1)")
  (net 203 "Net-(R9-Pad1)")
  (net 204 "/Control Switching/~GAZ_SPEED1_PWR")
  (net 205 "Net-(R7-Pad1)")
  (net 206 "/Steering wheel feedback/WHEEL_POS_ANALOG")
  (net 207 "Net-(J23-Pad1)")
  (net 208 "Net-(R1-Pad1)")
  (net 209 "Net-(D55-Pad2)")
  (net 210 "Net-(Q1-Pad3)")
  (net 211 "Net-(D41-Pad1)")
  (net 212 "Net-(D39-Pad1)")
  (net 213 "Net-(D40-Pad1)")
  (net 214 /RS485/RS485B)
  (net 215 /RS485/RS485A)
  (net 216 "Net-(U9-Pad9)")

  (net_class Default "This is the default net class."
    (clearance 0.2)
    (trace_width 0.8)
    (via_dia 1.6)
    (via_drill 0.6)
    (uvia_dia 0.3)
    (uvia_drill 0.1)
    (add_net +5V)
    (add_net "/Break H bridge/HBRIDGE_CURRENT_ANALOG")
    (add_net "/Break H bridge/LINEAR_ACTUATOR_DIRECTION")
    (add_net "/Break H bridge/LINEAR_ACTUATOR_ENABLE")
    (add_net "/Break H bridge/MAGNET_ENGAGE")
    (add_net "/Control Switching/AUX_ENABLE")
    (add_net "/Control Switching/DIR_BACK_ENABLE")
    (add_net "/Control Switching/DIR_FWD_ENABLE")
    (add_net "/Control Switching/GAZ_ENABLE")
    (add_net "/Control Switching/GAZ_SPEED1")
    (add_net "/Control Switching/GAZ_SPEED2")
    (add_net "/Control Switching/GAZ_SPEED3")
    (add_net "/Control Switching/HORN_ENABLE")
    (add_net "/Control Switching/KEY_ENABLE")
    (add_net "/Control Switching/LIGHTS_ENABLE")
    (add_net "/Control Switching/MIRGALKE_ENABLE")
    (add_net "/Control Switching/PARKING_DISABLE")
    (add_net "/Control Switching/SEAT_ENABLE")
    (add_net "/Control Switching/SPI_CLK")
    (add_net "/Control Switching/SPI_DATA")
    (add_net "/Control Switching/SPI_LATCH")
    (add_net "/Control Switching/~AUX_ENABLE_PWR")
    (add_net "/Control Switching/~DIR_BACK_ENABLE_PWR")
    (add_net "/Control Switching/~DIR_FWD_ENABLE_PWR")
    (add_net "/Control Switching/~GAZ_ENABLE_PWR")
    (add_net "/Control Switching/~GAZ_SPEED1_PWR")
    (add_net "/Control Switching/~GAZ_SPEED2_PWR")
    (add_net "/Control Switching/~GAZ_SPEED3_PWR")
    (add_net "/Control Switching/~HORN_ENABLE_PWR")
    (add_net "/Control Switching/~KEY_ENABLE_PWR")
    (add_net "/Control Switching/~LIGHTS_ENABLE_PWR")
    (add_net "/Control Switching/~MIRGALKE_ENABLE_PWR")
    (add_net "/Control Switching/~PARKING_DISABLE_PWR")
    (add_net "/Control Switching/~SEAT_ENABLE_PWR")
    (add_net /ControlHacks/AUX_COMMON)
    (add_net /ControlHacks/AUX_HACK)
    (add_net /ControlHacks/DIR_SW_BACK_HACK)
    (add_net /ControlHacks/DIR_SW_FWD_HACK)
    (add_net /ControlHacks/HORN_SW_HACK)
    (add_net /ControlHacks/KEY_COLD_HACK)
    (add_net /ControlHacks/KEY_HOT_HACK)
    (add_net /ControlHacks/LIGHTS_COMMON)
    (add_net /ControlHacks/LIGHTS_HACK)
    (add_net /ControlHacks/MIRGALKE_HACK)
    (add_net /ControlHacks/PARKING_HACK)
    (add_net /ControlHacks/SEAT_GND_HACK)
    (add_net /ControlHacks/SEAT_HACK)
    (add_net /ControlHacks/STEERING_COMMON)
    (add_net /LINEAR_ACTUATOR_DIRECTION)
    (add_net /LINEAR_ACTUATOR_ENABLE)
    (add_net /RS485/RS485A)
    (add_net /RS485/RS485B)
    (add_net /RS485/RX)
    (add_net /RS485/TX)
    (add_net /RS485/~RE)
    (add_net /SPI_CLK)
    (add_net /SPI_DATA)
    (add_net /SPI_LATCH)
    (add_net /STEERING_DIR)
    (add_net /STEERING_ENABLE)
    (add_net /STEERING_FAULT)
    (add_net /STEERING_STEP)
    (add_net "/Steering wheel feedback/WHEEL_POS_ANALOG")
    (add_net "/Stepper Interface/+5V")
    (add_net "/Stepper Interface/GECKO_DIR")
    (add_net "/Stepper Interface/GECKO_DISABLE")
    (add_net "/Stepper Interface/GECKO_STEP")
    (add_net "/Stepper Interface/STEERING_DIR")
    (add_net "/Stepper Interface/STEERING_ENABLE")
    (add_net "/Stepper Interface/STEERING_FAULT")
    (add_net "/Stepper Interface/STEERING_STEP")
    (add_net /Takeover/AUX_OUT)
    (add_net /Takeover/AUX_REAL)
    (add_net /Takeover/DIR_SW_BACK_OUT)
    (add_net /Takeover/DIR_SW_BACK_REAL)
    (add_net /Takeover/DIR_SW_FWD_OUT)
    (add_net /Takeover/DIR_SW_FWD_REAL)
    (add_net /Takeover/GAZ_POT_GND_HACK)
    (add_net /Takeover/GAZ_POT_GND_OUT)
    (add_net /Takeover/GAZ_POT_GND_REAL)
    (add_net /Takeover/GAZ_POT_V_HACK)
    (add_net /Takeover/GAZ_POT_V_OUT)
    (add_net /Takeover/GAZ_POT_V_REAL)
    (add_net /Takeover/GAZ_POT_WIPER_HACK)
    (add_net /Takeover/GAZ_POT_WIPER_OUT)
    (add_net /Takeover/GAZ_POT_WIPER_REAL)
    (add_net /Takeover/GAZ_SW_COMMON)
    (add_net /Takeover/GAZ_SW_NC_HACK)
    (add_net /Takeover/GAZ_SW_NC_OUT)
    (add_net /Takeover/GAZ_SW_NC_REAL)
    (add_net /Takeover/GAZ_SW_NO_HACK)
    (add_net /Takeover/GAZ_SW_NO_OUT)
    (add_net /Takeover/GAZ_SW_NO_REAL)
    (add_net /Takeover/HORN_SW_OUT)
    (add_net /Takeover/HORN_SW_REAL)
    (add_net /Takeover/KEY_COLD_OUT)
    (add_net /Takeover/KEY_COLD_REAL)
    (add_net /Takeover/KEY_HOT_OUT)
    (add_net /Takeover/KEY_HOT_REAL)
    (add_net /Takeover/LIGHTS_OUT)
    (add_net /Takeover/LIGHTS_REAL)
    (add_net /Takeover/MIRGALKE_OUT)
    (add_net /Takeover/MIRGALKE_REAL)
    (add_net /Takeover/PARKING_OUT)
    (add_net /Takeover/PARKING_REAL)
    (add_net /Takeover/SEAT_GND_OUT)
    (add_net /Takeover/SEAT_GND_REAL)
    (add_net /Takeover/SEAT_OUT)
    (add_net /Takeover/SEAT_REAL)
    (add_net /Takeover/TAKEOVER)
    (add_net /~RE)
    (add_net GND)
    (add_net "Net-(C1-Pad2)")
    (add_net "Net-(C10-Pad2)")
    (add_net "Net-(C11-Pad2)")
    (add_net "Net-(C12-Pad2)")
    (add_net "Net-(C13-Pad2)")
    (add_net "Net-(C14-Pad2)")
    (add_net "Net-(C17-Pad2)")
    (add_net "Net-(C18-Pad2)")
    (add_net "Net-(C19-Pad2)")
    (add_net "Net-(C2-Pad2)")
    (add_net "Net-(C3-Pad2)")
    (add_net "Net-(C32-Pad2)")
    (add_net "Net-(C34-Pad1)")
    (add_net "Net-(C37-Pad1)")
    (add_net "Net-(C4-Pad2)")
    (add_net "Net-(C40-Pad1)")
    (add_net "Net-(C40-Pad2)")
    (add_net "Net-(C42-Pad2)")
    (add_net "Net-(C5-Pad2)")
    (add_net "Net-(C6-Pad2)")
    (add_net "Net-(C9-Pad2)")
    (add_net "Net-(D30-Pad2)")
    (add_net "Net-(D31-Pad2)")
    (add_net "Net-(D32-Pad1)")
    (add_net "Net-(D33-Pad2)")
    (add_net "Net-(D35-Pad2)")
    (add_net "Net-(D36-Pad2)")
    (add_net "Net-(D37-Pad2)")
    (add_net "Net-(D38-Pad2)")
    (add_net "Net-(D39-Pad1)")
    (add_net "Net-(D39-Pad2)")
    (add_net "Net-(D40-Pad1)")
    (add_net "Net-(D40-Pad2)")
    (add_net "Net-(D41-Pad1)")
    (add_net "Net-(D41-Pad2)")
    (add_net "Net-(D42-Pad2)")
    (add_net "Net-(D43-Pad2)")
    (add_net "Net-(D44-Pad2)")
    (add_net "Net-(D45-Pad2)")
    (add_net "Net-(D46-Pad2)")
    (add_net "Net-(D47-Pad2)")
    (add_net "Net-(D48-Pad2)")
    (add_net "Net-(D49-Pad2)")
    (add_net "Net-(D50-Pad2)")
    (add_net "Net-(D51-Pad2)")
    (add_net "Net-(D52-Pad1)")
    (add_net "Net-(D52-Pad2)")
    (add_net "Net-(D55-Pad2)")
    (add_net "Net-(F2-Pad1)")
    (add_net "Net-(J23-Pad1)")
    (add_net "Net-(K18-Pad2)")
    (add_net "Net-(K19-Pad2)")
    (add_net "Net-(K20-Pad2)")
    (add_net "Net-(K21-Pad2)")
    (add_net "Net-(K22-Pad2)")
    (add_net "Net-(K23-Pad2)")
    (add_net "Net-(K24-Pad2)")
    (add_net "Net-(K25-Pad2)")
    (add_net "Net-(K26-Pad2)")
    (add_net "Net-(Q1-Pad1)")
    (add_net "Net-(Q1-Pad3)")
    (add_net "Net-(Q2-Pad1)")
    (add_net "Net-(Q2-Pad3)")
    (add_net "Net-(Q3-Pad1)")
    (add_net "Net-(Q3-Pad2)")
    (add_net "Net-(Q3-Pad3)")
    (add_net "Net-(Q4-Pad1)")
    (add_net "Net-(Q4-Pad3)")
    (add_net "Net-(Q5-Pad1)")
    (add_net "Net-(Q5-Pad3)")
    (add_net "Net-(Q6-Pad1)")
    (add_net "Net-(Q6-Pad3)")
    (add_net "Net-(Q7-Pad1)")
    (add_net "Net-(Q9-Pad1)")
    (add_net "Net-(R1-Pad1)")
    (add_net "Net-(R11-Pad1)")
    (add_net "Net-(R12-Pad1)")
    (add_net "Net-(R16-Pad1)")
    (add_net "Net-(R17-Pad2)")
    (add_net "Net-(R18-Pad2)")
    (add_net "Net-(R19-Pad2)")
    (add_net "Net-(R23-Pad1)")
    (add_net "Net-(R24-Pad1)")
    (add_net "Net-(R25-Pad1)")
    (add_net "Net-(R42-Pad1)")
    (add_net "Net-(R43-Pad1)")
    (add_net "Net-(R44-Pad1)")
    (add_net "Net-(R47-Pad1)")
    (add_net "Net-(R48-Pad1)")
    (add_net "Net-(R49-Pad1)")
    (add_net "Net-(R50-Pad1)")
    (add_net "Net-(R52-Pad1)")
    (add_net "Net-(R7-Pad1)")
    (add_net "Net-(R8-Pad1)")
    (add_net "Net-(R9-Pad1)")
    (add_net "Net-(RN1-Pad3)")
    (add_net "Net-(RN1-Pad4)")
    (add_net "Net-(RN1-Pad5)")
    (add_net "Net-(SH1-Pad1)")
    (add_net "Net-(SH1-Pad12)")
    (add_net "Net-(SH1-Pad3)")
    (add_net "Net-(U7-Pad2)")
    (add_net "Net-(U9-Pad9)")
    (add_net VCC)
  )

  (module LEDs:LED_D5.0mm (layer F.Cu) (tedit 587A3A7B) (tstamp 58C92583)
    (at 159.4 65.5)
    (descr "LED, diameter 5.0mm, 2 pins, http://cdn-reichelt.de/documents/datenblatt/A500/LL-504BC2E-009.pdf")
    (tags "LED diameter 5.0mm 2 pins")
    (path /58CDA631/58D3F10B)
    (fp_text reference D42 (at 1.27 -3.96) (layer F.SilkS)
      (effects (font (size 1 1) (thickness 0.15)))
    )
    (fp_text value LED_Small_ALT (at 1.27 3.96) (layer F.Fab)
      (effects (font (size 1 1) (thickness 0.15)))
    )
    (fp_arc (start 1.27 0) (end -1.23 -1.469694) (angle 299.1) (layer F.Fab) (width 0.1))
    (fp_arc (start 1.27 0) (end -1.29 -1.54483) (angle 148.9) (layer F.SilkS) (width 0.12))
    (fp_arc (start 1.27 0) (end -1.29 1.54483) (angle -148.9) (layer F.SilkS) (width 0.12))
    (fp_circle (center 1.27 0) (end 3.77 0) (layer F.Fab) (width 0.1))
    (fp_circle (center 1.27 0) (end 3.77 0) (layer F.SilkS) (width 0.12))
    (fp_line (start -1.23 -1.469694) (end -1.23 1.469694) (layer F.Fab) (width 0.1))
    (fp_line (start -1.29 -1.545) (end -1.29 1.545) (layer F.SilkS) (width 0.12))
    (fp_line (start -1.95 -3.25) (end -1.95 3.25) (layer F.CrtYd) (width 0.05))
    (fp_line (start -1.95 3.25) (end 4.5 3.25) (layer F.CrtYd) (width 0.05))
    (fp_line (start 4.5 3.25) (end 4.5 -3.25) (layer F.CrtYd) (width 0.05))
    (fp_line (start 4.5 -3.25) (end -1.95 -3.25) (layer F.CrtYd) (width 0.05))
    (pad 1 thru_hole rect (at 0 0) (size 1.8 1.8) (drill 0.9) (layers *.Cu *.Mask)
      (net 107 "/Control Switching/~KEY_ENABLE_PWR"))
    (pad 2 thru_hole circle (at 2.54 0) (size 1.8 1.8) (drill 0.9) (layers *.Cu *.Mask)
      (net 178 "Net-(D42-Pad2)"))
    (model LEDs.3dshapes/LED_D5.0mm.wrl
      (at (xyz 0 0 0))
      (scale (xyz 0.393701 0.393701 0.393701))
      (rotate (xyz 0 0 0))
    )
  )

  (module LEDs:LED_D5.0mm (layer F.Cu) (tedit 587A3A7B) (tstamp 58C92533)
    (at 69.508303 134.080468)
    (descr "LED, diameter 5.0mm, 2 pins, http://cdn-reichelt.de/documents/datenblatt/A500/LL-504BC2E-009.pdf")
    (tags "LED diameter 5.0mm 2 pins")
    (path /58CDA631/58D3F3CD)
    (fp_text reference D36 (at 1.27 -3.96) (layer F.SilkS)
      (effects (font (size 1 1) (thickness 0.15)))
    )
    (fp_text value LED_Small_ALT (at 1.27 3.96) (layer F.Fab)
      (effects (font (size 1 1) (thickness 0.15)))
    )
    (fp_arc (start 1.27 0) (end -1.23 -1.469694) (angle 299.1) (layer F.Fab) (width 0.1))
    (fp_arc (start 1.27 0) (end -1.29 -1.54483) (angle 148.9) (layer F.SilkS) (width 0.12))
    (fp_arc (start 1.27 0) (end -1.29 1.54483) (angle -148.9) (layer F.SilkS) (width 0.12))
    (fp_circle (center 1.27 0) (end 3.77 0) (layer F.Fab) (width 0.1))
    (fp_circle (center 1.27 0) (end 3.77 0) (layer F.SilkS) (width 0.12))
    (fp_line (start -1.23 -1.469694) (end -1.23 1.469694) (layer F.Fab) (width 0.1))
    (fp_line (start -1.29 -1.545) (end -1.29 1.545) (layer F.SilkS) (width 0.12))
    (fp_line (start -1.95 -3.25) (end -1.95 3.25) (layer F.CrtYd) (width 0.05))
    (fp_line (start -1.95 3.25) (end 4.5 3.25) (layer F.CrtYd) (width 0.05))
    (fp_line (start 4.5 3.25) (end 4.5 -3.25) (layer F.CrtYd) (width 0.05))
    (fp_line (start 4.5 -3.25) (end -1.95 -3.25) (layer F.CrtYd) (width 0.05))
    (pad 1 thru_hole rect (at 0 0) (size 1.8 1.8) (drill 0.9) (layers *.Cu *.Mask)
      (net 204 "/Control Switching/~GAZ_SPEED1_PWR"))
    (pad 2 thru_hole circle (at 2.54 0) (size 1.8 1.8) (drill 0.9) (layers *.Cu *.Mask)
      (net 169 "Net-(D36-Pad2)"))
    (model LEDs.3dshapes/LED_D5.0mm.wrl
      (at (xyz 0 0 0))
      (scale (xyz 0.393701 0.393701 0.393701))
      (rotate (xyz 0 0 0))
    )
  )

  (module LEDs:LED_D5.0mm (layer F.Cu) (tedit 587A3A7B) (tstamp 58C92503)
    (at 101.158303 120.380468)
    (descr "LED, diameter 5.0mm, 2 pins, http://cdn-reichelt.de/documents/datenblatt/A500/LL-504BC2E-009.pdf")
    (tags "LED diameter 5.0mm 2 pins")
    (path /58CDA631/58D3F3D9)
    (fp_text reference D37 (at 1.27 -3.96) (layer F.SilkS)
      (effects (font (size 1 1) (thickness 0.15)))
    )
    (fp_text value LED_Small_ALT (at 1.27 3.96) (layer F.Fab)
      (effects (font (size 1 1) (thickness 0.15)))
    )
    (fp_line (start 4.5 -3.25) (end -1.95 -3.25) (layer F.CrtYd) (width 0.05))
    (fp_line (start 4.5 3.25) (end 4.5 -3.25) (layer F.CrtYd) (width 0.05))
    (fp_line (start -1.95 3.25) (end 4.5 3.25) (layer F.CrtYd) (width 0.05))
    (fp_line (start -1.95 -3.25) (end -1.95 3.25) (layer F.CrtYd) (width 0.05))
    (fp_line (start -1.29 -1.545) (end -1.29 1.545) (layer F.SilkS) (width 0.12))
    (fp_line (start -1.23 -1.469694) (end -1.23 1.469694) (layer F.Fab) (width 0.1))
    (fp_circle (center 1.27 0) (end 3.77 0) (layer F.SilkS) (width 0.12))
    (fp_circle (center 1.27 0) (end 3.77 0) (layer F.Fab) (width 0.1))
    (fp_arc (start 1.27 0) (end -1.29 1.54483) (angle -148.9) (layer F.SilkS) (width 0.12))
    (fp_arc (start 1.27 0) (end -1.29 -1.54483) (angle 148.9) (layer F.SilkS) (width 0.12))
    (fp_arc (start 1.27 0) (end -1.23 -1.469694) (angle 299.1) (layer F.Fab) (width 0.1))
    (pad 2 thru_hole circle (at 2.54 0) (size 1.8 1.8) (drill 0.9) (layers *.Cu *.Mask)
      (net 168 "Net-(D37-Pad2)"))
    (pad 1 thru_hole rect (at 0 0) (size 1.8 1.8) (drill 0.9) (layers *.Cu *.Mask)
      (net 150 "/Control Switching/~GAZ_SPEED2_PWR"))
    (model LEDs.3dshapes/LED_D5.0mm.wrl
      (at (xyz 0 0 0))
      (scale (xyz 0.393701 0.393701 0.393701))
      (rotate (xyz 0 0 0))
    )
  )

  (module LEDs:LED_D5.0mm (layer F.Cu) (tedit 587A3A7B) (tstamp 58C924D3)
    (at 106.058303 109.630468)
    (descr "LED, diameter 5.0mm, 2 pins, http://cdn-reichelt.de/documents/datenblatt/A500/LL-504BC2E-009.pdf")
    (tags "LED diameter 5.0mm 2 pins")
    (path /58CDA631/58D3F3E5)
    (fp_text reference D38 (at 1.27 -3.96) (layer F.SilkS)
      (effects (font (size 1 1) (thickness 0.15)))
    )
    (fp_text value LED_Small_ALT (at 1.27 3.96) (layer F.Fab)
      (effects (font (size 1 1) (thickness 0.15)))
    )
    (fp_arc (start 1.27 0) (end -1.23 -1.469694) (angle 299.1) (layer F.Fab) (width 0.1))
    (fp_arc (start 1.27 0) (end -1.29 -1.54483) (angle 148.9) (layer F.SilkS) (width 0.12))
    (fp_arc (start 1.27 0) (end -1.29 1.54483) (angle -148.9) (layer F.SilkS) (width 0.12))
    (fp_circle (center 1.27 0) (end 3.77 0) (layer F.Fab) (width 0.1))
    (fp_circle (center 1.27 0) (end 3.77 0) (layer F.SilkS) (width 0.12))
    (fp_line (start -1.23 -1.469694) (end -1.23 1.469694) (layer F.Fab) (width 0.1))
    (fp_line (start -1.29 -1.545) (end -1.29 1.545) (layer F.SilkS) (width 0.12))
    (fp_line (start -1.95 -3.25) (end -1.95 3.25) (layer F.CrtYd) (width 0.05))
    (fp_line (start -1.95 3.25) (end 4.5 3.25) (layer F.CrtYd) (width 0.05))
    (fp_line (start 4.5 3.25) (end 4.5 -3.25) (layer F.CrtYd) (width 0.05))
    (fp_line (start 4.5 -3.25) (end -1.95 -3.25) (layer F.CrtYd) (width 0.05))
    (pad 1 thru_hole rect (at 0 0) (size 1.8 1.8) (drill 0.9) (layers *.Cu *.Mask)
      (net 155 "/Control Switching/~GAZ_SPEED3_PWR"))
    (pad 2 thru_hole circle (at 2.54 0) (size 1.8 1.8) (drill 0.9) (layers *.Cu *.Mask)
      (net 167 "Net-(D38-Pad2)"))
    (model LEDs.3dshapes/LED_D5.0mm.wrl
      (at (xyz 0 0 0))
      (scale (xyz 0.393701 0.393701 0.393701))
      (rotate (xyz 0 0 0))
    )
  )

  (module LEDs:LED_D5.0mm (layer F.Cu) (tedit 587A3A7B) (tstamp 58C924A3)
    (at 117.508303 104.580468)
    (descr "LED, diameter 5.0mm, 2 pins, http://cdn-reichelt.de/documents/datenblatt/A500/LL-504BC2E-009.pdf")
    (tags "LED diameter 5.0mm 2 pins")
    (path /58CDA631/58D3EAC4)
    (fp_text reference D39 (at 1.27 -3.96) (layer F.SilkS)
      (effects (font (size 1 1) (thickness 0.15)))
    )
    (fp_text value LED_Small_ALT (at 1.27 3.96) (layer F.Fab)
      (effects (font (size 1 1) (thickness 0.15)))
    )
    (fp_line (start 4.5 -3.25) (end -1.95 -3.25) (layer F.CrtYd) (width 0.05))
    (fp_line (start 4.5 3.25) (end 4.5 -3.25) (layer F.CrtYd) (width 0.05))
    (fp_line (start -1.95 3.25) (end 4.5 3.25) (layer F.CrtYd) (width 0.05))
    (fp_line (start -1.95 -3.25) (end -1.95 3.25) (layer F.CrtYd) (width 0.05))
    (fp_line (start -1.29 -1.545) (end -1.29 1.545) (layer F.SilkS) (width 0.12))
    (fp_line (start -1.23 -1.469694) (end -1.23 1.469694) (layer F.Fab) (width 0.1))
    (fp_circle (center 1.27 0) (end 3.77 0) (layer F.SilkS) (width 0.12))
    (fp_circle (center 1.27 0) (end 3.77 0) (layer F.Fab) (width 0.1))
    (fp_arc (start 1.27 0) (end -1.29 1.54483) (angle -148.9) (layer F.SilkS) (width 0.12))
    (fp_arc (start 1.27 0) (end -1.29 -1.54483) (angle 148.9) (layer F.SilkS) (width 0.12))
    (fp_arc (start 1.27 0) (end -1.23 -1.469694) (angle 299.1) (layer F.Fab) (width 0.1))
    (pad 2 thru_hole circle (at 2.54 0) (size 1.8 1.8) (drill 0.9) (layers *.Cu *.Mask)
      (net 166 "Net-(D39-Pad2)"))
    (pad 1 thru_hole rect (at 0 0) (size 1.8 1.8) (drill 0.9) (layers *.Cu *.Mask)
      (net 212 "Net-(D39-Pad1)"))
    (model LEDs.3dshapes/LED_D5.0mm.wrl
      (at (xyz 0 0 0))
      (scale (xyz 0.393701 0.393701 0.393701))
      (rotate (xyz 0 0 0))
    )
  )

  (module LEDs:LED_D5.0mm (layer F.Cu) (tedit 587A3A7B) (tstamp 58C92473)
    (at 106.058303 114.680468)
    (descr "LED, diameter 5.0mm, 2 pins, http://cdn-reichelt.de/documents/datenblatt/A500/LL-504BC2E-009.pdf")
    (tags "LED diameter 5.0mm 2 pins")
    (path /58CDA631/58D3EFFD)
    (fp_text reference D40 (at 1.27 -3.96) (layer F.SilkS)
      (effects (font (size 1 1) (thickness 0.15)))
    )
    (fp_text value LED_Small_ALT (at 1.27 3.96) (layer F.Fab)
      (effects (font (size 1 1) (thickness 0.15)))
    )
    (fp_arc (start 1.27 0) (end -1.23 -1.469694) (angle 299.1) (layer F.Fab) (width 0.1))
    (fp_arc (start 1.27 0) (end -1.29 -1.54483) (angle 148.9) (layer F.SilkS) (width 0.12))
    (fp_arc (start 1.27 0) (end -1.29 1.54483) (angle -148.9) (layer F.SilkS) (width 0.12))
    (fp_circle (center 1.27 0) (end 3.77 0) (layer F.Fab) (width 0.1))
    (fp_circle (center 1.27 0) (end 3.77 0) (layer F.SilkS) (width 0.12))
    (fp_line (start -1.23 -1.469694) (end -1.23 1.469694) (layer F.Fab) (width 0.1))
    (fp_line (start -1.29 -1.545) (end -1.29 1.545) (layer F.SilkS) (width 0.12))
    (fp_line (start -1.95 -3.25) (end -1.95 3.25) (layer F.CrtYd) (width 0.05))
    (fp_line (start -1.95 3.25) (end 4.5 3.25) (layer F.CrtYd) (width 0.05))
    (fp_line (start 4.5 3.25) (end 4.5 -3.25) (layer F.CrtYd) (width 0.05))
    (fp_line (start 4.5 -3.25) (end -1.95 -3.25) (layer F.CrtYd) (width 0.05))
    (pad 1 thru_hole rect (at 0 0) (size 1.8 1.8) (drill 0.9) (layers *.Cu *.Mask)
      (net 213 "Net-(D40-Pad1)"))
    (pad 2 thru_hole circle (at 2.54 0) (size 1.8 1.8) (drill 0.9) (layers *.Cu *.Mask)
      (net 165 "Net-(D40-Pad2)"))
    (model LEDs.3dshapes/LED_D5.0mm.wrl
      (at (xyz 0 0 0))
      (scale (xyz 0.393701 0.393701 0.393701))
      (rotate (xyz 0 0 0))
    )
  )

  (module LEDs:LED_D5.0mm (layer F.Cu) (tedit 587A3A7B) (tstamp 58C92443)
    (at 89.708303 125.430468)
    (descr "LED, diameter 5.0mm, 2 pins, http://cdn-reichelt.de/documents/datenblatt/A500/LL-504BC2E-009.pdf")
    (tags "LED diameter 5.0mm 2 pins")
    (path /58CDA631/58D3F0FF)
    (fp_text reference D41 (at 1.27 -3.96) (layer F.SilkS)
      (effects (font (size 1 1) (thickness 0.15)))
    )
    (fp_text value LED_Small_ALT (at 1.27 3.96) (layer F.Fab)
      (effects (font (size 1 1) (thickness 0.15)))
    )
    (fp_line (start 4.5 -3.25) (end -1.95 -3.25) (layer F.CrtYd) (width 0.05))
    (fp_line (start 4.5 3.25) (end 4.5 -3.25) (layer F.CrtYd) (width 0.05))
    (fp_line (start -1.95 3.25) (end 4.5 3.25) (layer F.CrtYd) (width 0.05))
    (fp_line (start -1.95 -3.25) (end -1.95 3.25) (layer F.CrtYd) (width 0.05))
    (fp_line (start -1.29 -1.545) (end -1.29 1.545) (layer F.SilkS) (width 0.12))
    (fp_line (start -1.23 -1.469694) (end -1.23 1.469694) (layer F.Fab) (width 0.1))
    (fp_circle (center 1.27 0) (end 3.77 0) (layer F.SilkS) (width 0.12))
    (fp_circle (center 1.27 0) (end 3.77 0) (layer F.Fab) (width 0.1))
    (fp_arc (start 1.27 0) (end -1.29 1.54483) (angle -148.9) (layer F.SilkS) (width 0.12))
    (fp_arc (start 1.27 0) (end -1.29 -1.54483) (angle 148.9) (layer F.SilkS) (width 0.12))
    (fp_arc (start 1.27 0) (end -1.23 -1.469694) (angle 299.1) (layer F.Fab) (width 0.1))
    (pad 2 thru_hole circle (at 2.54 0) (size 1.8 1.8) (drill 0.9) (layers *.Cu *.Mask)
      (net 164 "Net-(D41-Pad2)"))
    (pad 1 thru_hole rect (at 0 0) (size 1.8 1.8) (drill 0.9) (layers *.Cu *.Mask)
      (net 211 "Net-(D41-Pad1)"))
    (model LEDs.3dshapes/LED_D5.0mm.wrl
      (at (xyz 0 0 0))
      (scale (xyz 0.393701 0.393701 0.393701))
      (rotate (xyz 0 0 0))
    )
  )

  (module LEDs:LED_D5.0mm (layer F.Cu) (tedit 587A3A7B) (tstamp 58C92333)
    (at 93.308303 130.480468)
    (descr "LED, diameter 5.0mm, 2 pins, http://cdn-reichelt.de/documents/datenblatt/A500/LL-504BC2E-009.pdf")
    (tags "LED diameter 5.0mm 2 pins")
    (path /58CDA631/58D3F3C1)
    (fp_text reference D35 (at 1.27 -3.96) (layer F.SilkS)
      (effects (font (size 1 1) (thickness 0.15)))
    )
    (fp_text value LED_Small_ALT (at 1.27 3.96) (layer F.Fab)
      (effects (font (size 1 1) (thickness 0.15)))
    )
    (fp_line (start 4.5 -3.25) (end -1.95 -3.25) (layer F.CrtYd) (width 0.05))
    (fp_line (start 4.5 3.25) (end 4.5 -3.25) (layer F.CrtYd) (width 0.05))
    (fp_line (start -1.95 3.25) (end 4.5 3.25) (layer F.CrtYd) (width 0.05))
    (fp_line (start -1.95 -3.25) (end -1.95 3.25) (layer F.CrtYd) (width 0.05))
    (fp_line (start -1.29 -1.545) (end -1.29 1.545) (layer F.SilkS) (width 0.12))
    (fp_line (start -1.23 -1.469694) (end -1.23 1.469694) (layer F.Fab) (width 0.1))
    (fp_circle (center 1.27 0) (end 3.77 0) (layer F.SilkS) (width 0.12))
    (fp_circle (center 1.27 0) (end 3.77 0) (layer F.Fab) (width 0.1))
    (fp_arc (start 1.27 0) (end -1.29 1.54483) (angle -148.9) (layer F.SilkS) (width 0.12))
    (fp_arc (start 1.27 0) (end -1.29 -1.54483) (angle 148.9) (layer F.SilkS) (width 0.12))
    (fp_arc (start 1.27 0) (end -1.23 -1.469694) (angle 299.1) (layer F.Fab) (width 0.1))
    (pad 2 thru_hole circle (at 2.54 0) (size 1.8 1.8) (drill 0.9) (layers *.Cu *.Mask)
      (net 170 "Net-(D35-Pad2)"))
    (pad 1 thru_hole rect (at 0 0) (size 1.8 1.8) (drill 0.9) (layers *.Cu *.Mask)
      (net 94 "/Control Switching/~GAZ_ENABLE_PWR"))
    (model LEDs.3dshapes/LED_D5.0mm.wrl
      (at (xyz 0 0 0))
      (scale (xyz 0.393701 0.393701 0.393701))
      (rotate (xyz 0 0 0))
    )
  )

  (module smalsiukas-footpints:Relay_SPDT (layer F.Cu) (tedit 58C68325) (tstamp 58C84FB7)
    (at 152 58.5 90)
    (path /58C7AB08/58C809C9)
    (fp_text reference K26 (at 6.30936 -9.82726 90) (layer F.SilkS)
      (effects (font (size 1 1) (thickness 0.15)))
    )
    (fp_text value RELAY_SEPARATED (at 5.08 3.81 90) (layer F.Fab)
      (effects (font (size 1 1) (thickness 0.15)))
    )
    (fp_line (start -1.27 -6.35) (end -1.27 1.27) (layer F.CrtYd) (width 0.1))
    (fp_line (start 11.43 -6.35) (end -1.27 -6.35) (layer F.CrtYd) (width 0.1))
    (fp_line (start 11.43 1.27) (end 11.43 -6.35) (layer F.CrtYd) (width 0.1))
    (fp_line (start -1.27 1.27) (end 11.43 1.27) (layer F.CrtYd) (width 0.1))
    (fp_line (start 1.27 -2.54) (end 0 -1.27) (layer F.SilkS) (width 0.1))
    (fp_line (start 8.89 -2.54) (end 10.16 -2.54) (layer F.SilkS) (width 0.1))
    (fp_line (start 8.89 -6.096) (end 8.89 -2.54) (layer F.SilkS) (width 0.1))
    (fp_line (start 1.27 -6.096) (end 8.89 -6.096) (layer F.SilkS) (width 0.1))
    (fp_line (start 1.27 -2.54) (end 1.27 -6.096) (layer F.SilkS) (width 0.1))
    (fp_line (start 0 -4.318) (end 0 -3.556) (layer F.SilkS) (width 0.1))
    (fp_line (start 0 -0.762) (end 0 -1.27) (layer F.SilkS) (width 0.1))
    (fp_line (start 2.54 -2.032) (end 2.54 -1.27) (layer F.SilkS) (width 0.1))
    (fp_line (start 2.54 -3.302) (end 2.54 -4.064) (layer F.SilkS) (width 0.1))
    (fp_line (start 1.778 -2.286) (end 1.778 -3.048) (layer F.SilkS) (width 0.1))
    (fp_line (start 3.302 -2.286) (end 1.778 -2.286) (layer F.SilkS) (width 0.1))
    (fp_line (start 3.302 -3.048) (end 3.302 -2.286) (layer F.SilkS) (width 0.1))
    (fp_line (start 1.778 -3.048) (end 3.302 -3.048) (layer F.SilkS) (width 0.1))
    (fp_line (start 10.16 -4.064) (end 10.16 -1.016) (layer F.SilkS) (width 0.1))
    (fp_text user NO (at -2.032 -5.08 90) (layer F.SilkS)
      (effects (font (size 1 1) (thickness 0.15)))
    )
    (fp_text user NC (at -2.032 0 90) (layer F.SilkS)
      (effects (font (size 1 1) (thickness 0.15)))
    )
    (fp_text user C (at 11.176 -2.54 90) (layer F.SilkS)
      (effects (font (size 1 1) (thickness 0.15)))
    )
    (pad 1 thru_hole circle (at 2.54 0 90) (size 1.50114 1.50114) (drill 1) (layers *.Cu *.Mask)
      (net 67 "/Control Switching/~AUX_ENABLE_PWR"))
    (pad 2 thru_hole circle (at 0 0 90) (size 1.50114 1.50114) (drill 1) (layers *.Cu *.Mask)
      (net 68 "Net-(K26-Pad2)"))
    (pad 4 thru_hole circle (at 0 -5.08 90) (size 1.50114 1.50114) (drill 1) (layers *.Cu *.Mask)
      (net 69 /ControlHacks/AUX_HACK))
    (pad 10 thru_hole circle (at 2.54 -5.08 90) (size 1.50114 1.50114) (drill 1) (layers *.Cu *.Mask)
      (net 16 VCC))
    (pad 3 thru_hole circle (at 10.16 0 90) (size 1.50114 1.50114) (drill 1) (layers *.Cu *.Mask)
      (net 70 /ControlHacks/AUX_COMMON))
    (pad 3 thru_hole circle (at 10.16 -5.08 90) (size 1.50114 1.50114) (drill 1) (layers *.Cu *.Mask)
      (net 70 /ControlHacks/AUX_COMMON))
    (model Relays_THT.3dshapes/Relay_SPDS_OMRON-G6E.wrl
      (at (xyz 0 0 0))
      (scale (xyz 0.79 0.65 1))
      (rotate (xyz 0 0 0))
    )
  )

  (module LEDs:LED_D5.0mm (layer F.Cu) (tedit 587A3A7B) (tstamp 58CB72FD)
    (at 55.06 63.1)
    (descr "LED, diameter 5.0mm, 2 pins, http://cdn-reichelt.de/documents/datenblatt/A500/LL-504BC2E-009.pdf")
    (tags "LED diameter 5.0mm 2 pins")
    (path /58CDA631/58D40710)
    (fp_text reference D44 (at 1.27 -3.96) (layer F.SilkS)
      (effects (font (size 1 1) (thickness 0.15)))
    )
    (fp_text value LED_Small_ALT (at 1.27 3.96) (layer F.Fab)
      (effects (font (size 1 1) (thickness 0.15)))
    )
    (fp_arc (start 1.27 0) (end -1.23 -1.469694) (angle 299.1) (layer F.Fab) (width 0.1))
    (fp_arc (start 1.27 0) (end -1.29 -1.54483) (angle 148.9) (layer F.SilkS) (width 0.12))
    (fp_arc (start 1.27 0) (end -1.29 1.54483) (angle -148.9) (layer F.SilkS) (width 0.12))
    (fp_circle (center 1.27 0) (end 3.77 0) (layer F.Fab) (width 0.1))
    (fp_circle (center 1.27 0) (end 3.77 0) (layer F.SilkS) (width 0.12))
    (fp_line (start -1.23 -1.469694) (end -1.23 1.469694) (layer F.Fab) (width 0.1))
    (fp_line (start -1.29 -1.545) (end -1.29 1.545) (layer F.SilkS) (width 0.12))
    (fp_line (start -1.95 -3.25) (end -1.95 3.25) (layer F.CrtYd) (width 0.05))
    (fp_line (start -1.95 3.25) (end 4.5 3.25) (layer F.CrtYd) (width 0.05))
    (fp_line (start 4.5 3.25) (end 4.5 -3.25) (layer F.CrtYd) (width 0.05))
    (fp_line (start 4.5 -3.25) (end -1.95 -3.25) (layer F.CrtYd) (width 0.05))
    (pad 1 thru_hole rect (at 0 0) (size 1.8 1.8) (drill 0.9) (layers *.Cu *.Mask)
      (net 100 "/Control Switching/~DIR_BACK_ENABLE_PWR"))
    (pad 2 thru_hole circle (at 2.54 0) (size 1.8 1.8) (drill 0.9) (layers *.Cu *.Mask)
      (net 147 "Net-(D44-Pad2)"))
    (model LEDs.3dshapes/LED_D5.0mm.wrl
      (at (xyz 0 0 0))
      (scale (xyz 0.393701 0.393701 0.393701))
      (rotate (xyz 0 0 0))
    )
  )

  (module LEDs:LED_D5.0mm (layer F.Cu) (tedit 587A3A7B) (tstamp 58CB72CD)
    (at 44.66 63.1)
    (descr "LED, diameter 5.0mm, 2 pins, http://cdn-reichelt.de/documents/datenblatt/A500/LL-504BC2E-009.pdf")
    (tags "LED diameter 5.0mm 2 pins")
    (path /58CDA631/58D406BC)
    (fp_text reference D43 (at 1.27 -3.96) (layer F.SilkS)
      (effects (font (size 1 1) (thickness 0.15)))
    )
    (fp_text value LED_Small_ALT (at 1.27 3.96) (layer F.Fab)
      (effects (font (size 1 1) (thickness 0.15)))
    )
    (fp_line (start 4.5 -3.25) (end -1.95 -3.25) (layer F.CrtYd) (width 0.05))
    (fp_line (start 4.5 3.25) (end 4.5 -3.25) (layer F.CrtYd) (width 0.05))
    (fp_line (start -1.95 3.25) (end 4.5 3.25) (layer F.CrtYd) (width 0.05))
    (fp_line (start -1.95 -3.25) (end -1.95 3.25) (layer F.CrtYd) (width 0.05))
    (fp_line (start -1.29 -1.545) (end -1.29 1.545) (layer F.SilkS) (width 0.12))
    (fp_line (start -1.23 -1.469694) (end -1.23 1.469694) (layer F.Fab) (width 0.1))
    (fp_circle (center 1.27 0) (end 3.77 0) (layer F.SilkS) (width 0.12))
    (fp_circle (center 1.27 0) (end 3.77 0) (layer F.Fab) (width 0.1))
    (fp_arc (start 1.27 0) (end -1.29 1.54483) (angle -148.9) (layer F.SilkS) (width 0.12))
    (fp_arc (start 1.27 0) (end -1.29 -1.54483) (angle 148.9) (layer F.SilkS) (width 0.12))
    (fp_arc (start 1.27 0) (end -1.23 -1.469694) (angle 299.1) (layer F.Fab) (width 0.1))
    (pad 2 thru_hole circle (at 2.54 0) (size 1.8 1.8) (drill 0.9) (layers *.Cu *.Mask)
      (net 197 "Net-(D43-Pad2)"))
    (pad 1 thru_hole rect (at 0 0) (size 1.8 1.8) (drill 0.9) (layers *.Cu *.Mask)
      (net 97 "/Control Switching/~DIR_FWD_ENABLE_PWR"))
    (model LEDs.3dshapes/LED_D5.0mm.wrl
      (at (xyz 0 0 0))
      (scale (xyz 0.393701 0.393701 0.393701))
      (rotate (xyz 0 0 0))
    )
  )

  (module LEDs:LED_D5.0mm (layer F.Cu) (tedit 587A3A7B) (tstamp 58CB729D)
    (at 74.66 63.1)
    (descr "LED, diameter 5.0mm, 2 pins, http://cdn-reichelt.de/documents/datenblatt/A500/LL-504BC2E-009.pdf")
    (tags "LED diameter 5.0mm 2 pins")
    (path /58CDA631/58D406F8)
    (fp_text reference D46 (at 1.27 -3.96) (layer F.SilkS)
      (effects (font (size 1 1) (thickness 0.15)))
    )
    (fp_text value LED_Small_ALT (at 1.27 3.96) (layer F.Fab)
      (effects (font (size 1 1) (thickness 0.15)))
    )
    (fp_arc (start 1.27 0) (end -1.23 -1.469694) (angle 299.1) (layer F.Fab) (width 0.1))
    (fp_arc (start 1.27 0) (end -1.29 -1.54483) (angle 148.9) (layer F.SilkS) (width 0.12))
    (fp_arc (start 1.27 0) (end -1.29 1.54483) (angle -148.9) (layer F.SilkS) (width 0.12))
    (fp_circle (center 1.27 0) (end 3.77 0) (layer F.Fab) (width 0.1))
    (fp_circle (center 1.27 0) (end 3.77 0) (layer F.SilkS) (width 0.12))
    (fp_line (start -1.23 -1.469694) (end -1.23 1.469694) (layer F.Fab) (width 0.1))
    (fp_line (start -1.29 -1.545) (end -1.29 1.545) (layer F.SilkS) (width 0.12))
    (fp_line (start -1.95 -3.25) (end -1.95 3.25) (layer F.CrtYd) (width 0.05))
    (fp_line (start -1.95 3.25) (end 4.5 3.25) (layer F.CrtYd) (width 0.05))
